# double-euler 2.0000000e+00 4.1718811e-01
0.0000000e+00 9.9999899e-01 9.9999977e-07 1.3279191e-08
2.0000000e+00 9.9999869e-01 1.1051701e-06 2.0613209e-07
4.0000000e+00 9.9999833e-01 1.2214011e-06 4.4752892e-07
6.0000000e+00 9.9999797e-01 1.3498562e-06 6.7670169e-07
8.0000000e+00 9.9999756e-01 1.4918210e-06 9.5196947e-07
1.0000000e+01 9.9999714e-01 1.6487162e-06 1.2123068e-06
1.2000000e+01 9.9999666e-01 1.8221122e-06 1.5157480e-06
1.4000000e+01 9.9999607e-01 2.0137422e-06 1.9201643e-06
1.6000000e+01 9.9999547e-01 2.2255260e-06 2.3044270e-06
1.8000000e+01 9.9999481e-01 2.4595829e-06 2.7260212e-06
2.0000000e+01 9.9999410e-01 2.7182555e-06 3.1826044e-06
2.2000000e+01 9.9999326e-01 3.0041294e-06 3.7311954e-06
2.4000000e+01 9.9999237e-01 3.3200681e-06 4.3093264e-06
2.6000000e+01 9.9999136e-01 3.6692336e-06 4.9734399e-06
2.8000000e+01 9.9999028e-01 4.0551204e-06 5.6604367e-06
3.0000000e+01 9.9998903e-01 4.4815856e-06 6.4856690e-06
3.2000000e+01 9.9998772e-01 4.9529012e-06 7.3256556e-06
3.4000000e+01 9.9998623e-01 5.4737784e-06 8.2948945e-06
3.6000000e+01 9.9998456e-01 6.0494340e-06 9.3881690e-06
3.8000000e+01 9.9998277e-01 6.6856228e-06 1.0540120e-05
4.0000000e+01 9.9998075e-01 7.3887163e-06 1.1863583e-05
4.2000000e+01 9.9997854e-01 8.1657436e-06 1.3291929e-05
4.4000000e+01 9.9997610e-01 9.0244766e-06 1.4876986e-05
4.6000000e+01 9.9997342e-01 9.9735071e-06 1.6610164e-05
4.8000000e+01 9.9997038e-01 1.1022329e-05 1.8601178e-05
5.0000000e+01 9.9996710e-01 1.2181435e-05 2.0720330e-05
5.2000000e+01 9.9996346e-01 1.3462418e-05 2.3075230e-05
5.4000000e+01 9.9995941e-01 1.4878095e-05 2.5712669e-05
5.6000000e+01 9.9995494e-01 1.6442607e-05 2.8618504e-05
5.8000000e+01 9.9994999e-01 1.8171622e-05 3.1836673e-05
6.0000000e+01 9.9994457e-01 2.0082411e-05 3.5349909e-05
6.2000000e+01 9.9993855e-01 2.2194081e-05 3.9258310e-05
6.4000000e+01 9.9993187e-01 2.4527748e-05 4.3600361e-05
6.6000000e+01 9.9992448e-01 2.7106744e-05 4.8412341e-05
6.8000000e+01 9.9991637e-01 2.9956826e-05 5.3668489e-05
7.0000000e+01 9.9990737e-01 3.3106477e-05 5.9519141e-05
7.2000000e+01 9.9989748e-01 3.6587178e-05 6.5932807e-05
7.4000000e+01 9.9988651e-01 4.0433712e-05 7.3053532e-05
7.6000000e+01 9.9987435e-01 4.4684475e-05 8.0962112e-05
7.8000000e+01 9.9986094e-01 4.9381932e-05 8.9675705e-05
8.0000000e+01 9.9984616e-01 5.4572945e-05 9.9266646e-05
8.2000000e+01 9.9982977e-01 6.0309347e-05 1.0992152e-04
8.4000000e+01 9.9981171e-01 6.6648347e-05 1.2164273e-04
8.6000000e+01 9.9979168e-01 7.3653209e-05 1.3466502e-04
8.8000000e+01 9.9976963e-01 8.1393751e-05 1.4897820e-04
9.0000000e+01 9.9974519e-01 8.9947091e-05 1.6486277e-04
9.2000000e+01 9.9971819e-01 9.9398509e-05 1.8241224e-04
9.4000000e+01 9.9968839e-01 1.0984212e-04 2.0177096e-04
9.6000000e+01 9.9965549e-01 1.2138174e-04 2.2313310e-04
9.8000000e+01 9.9961907e-01 1.3413226e-04 2.4680101e-04
1.0000000e+02 9.9957883e-01 1.4822034e-04 2.7294608e-04
1.0200000e+02 9.9953437e-01 1.6378591e-04 3.0184558e-04
1.0400000e+02 9.9948525e-01 1.8098352e-04 3.3376220e-04
1.0600000e+02 9.9943101e-01 1.9998367e-04 3.6900229e-04
1.0800000e+02 9.9937105e-01 2.2097449e-04 4.0797371e-04
1.1000000e+02 9.9930483e-01 2.4416368e-04 4.5100530e-04
1.1200000e+02 9.9923164e-01 2.6978043e-04 4.9858307e-04
1.1400000e+02 9.9915075e-01 2.9807739e-04 5.5116962e-04
1.1600000e+02 9.9906141e-01 3.2933362e-04 6.0926075e-04
1.1800000e+02 9.9896270e-01 3.6385676e-04 6.7344285e-04
1.2000000e+02 9.9885368e-01 4.0198566e-04 7.4433087e-04
1.2200000e+02 9.9873322e-01 4.4409401e-04 8.2268351e-04
1.2400000e+02 9.9860018e-01 4.9059384e-04 9.0922124e-04
1.2600000e+02 9.9845320e-01 5.4193847e-04 1.0048617e-03
1.2800000e+02 9.9829090e-01 5.9862767e-04 1.1104760e-03
1.3000000e+02 9.9811161e-01 6.6121115e-04 1.2271833e-03
1.3200000e+02 9.9791366e-01 7.3029421e-04 1.3560471e-03
1.3400000e+02 9.9769503e-01 8.0654200e-04 1.4984292e-03
1.3600000e+02 9.9745363e-01 8.9068606e-04 1.6556840e-03
1.3800000e+02 9.9718720e-01 9.8353019e-04 1.8292726e-03
1.4000000e+02 9.9689299e-01 1.0859561e-03 2.0210552e-03
1.4200000e+02 9.9656826e-01 1.1989321e-03 2.2328054e-03
1.4400000e+02 9.9620986e-01 1.3235193e-03 2.4666209e-03
1.4600000e+02 9.9581438e-01 1.4608796e-03 2.7247374e-03
1.4800000e+02 9.9537808e-01 1.6122842e-03 3.0096387e-03
1.5000000e+02 9.9489677e-01 1.7791243e-03 3.3241063e-03
1.5200000e+02 9.9436587e-01 1.9629162e-03 3.6712128e-03
1.5400000e+02 9.9378049e-01 2.1653138e-03 4.0541925e-03
1.5600000e+02 9.9313515e-01 2.3881183e-03 4.4767275e-03
1.5800000e+02 9.9242389e-01 2.6332873e-03 4.9428204e-03
1.6000000e+02 9.9164021e-01 2.9029436e-03 5.4568462e-03
1.6200000e+02 9.9077696e-01 3.1993848e-03 6.0236594e-03
1.6400000e+02 9.8982644e-01 3.5250925e-03 6.6484669e-03
1.6600000e+02 9.8878026e-01 3.8827381e-03 7.3370021e-03
1.6800000e+02 9.8762918e-01 4.2751930e-03 8.0956314e-03
1.7000000e+02 9.8636329e-01 4.7055297e-03 8.9311786e-03
1.7200000e+02 9.8497182e-01 5.1770210e-03 9.8511577e-03
1.7400000e+02 9.8344326e-01 5.6931460e-03 1.0863594e-02
1.7600000e+02 9.8176503e-01 6.2575741e-03 1.1977394e-02
1.7800000e+02 9.7992373e-01 6.8741608e-03 1.3202114e-02
1.8000000e+02 9.7790498e-01 7.5469306e-03 1.4548094e-02
1.8200000e+02 9.7569340e-01 8.2800509e-03 1.6026545e-02
1.8400000e+02 9.7327280e-01 9.0777921e-03 1.7649408e-02
1.8600000e+02 9.7062582e-01 9.9444930e-03 1.9429689e-02
1.8800000e+02 9.6773446e-01 1.0884492e-02 2.1381052e-02
1.9000000e+02 9.6457958e-01 1.1902079e-02 2.3518339e-02
1.9200000e+02 9.6114159e-01 1.3001383e-02 2.5857031e-02
1.9400000e+02 9.5740002e-01 1.4186289e-02 2.8413687e-02
1.9600000e+02 9.5333409e-01 1.5460314e-02 3.1205593e-02
1.9800000e+02 9.4892269e-01 1.6826468e-02 3.4250841e-02
2.0000000e+02 9.4414467e-01 1.8287111e-02 3.7568223e-02
2.0200000e+02 9.3897915e-01 1.9843770e-02 4.1177079e-02
2.0400000e+02 9.3340588e-01 2.1496970e-02 4.5097154e-02
2.0600000e+02 9.2740566e-01 2.3246016e-02 4.9348328e-02
2.0800000e+02 9.2096061e-01 2.5088813e-02 5.3950582e-02
2.1000000e+02 9.1405487e-01 2.7021650e-02 5.8923479e-02
2.1200000e+02 9.0667504e-01 2.9039031e-02 6.4285927e-02
2.1400000e+02 8.9881068e-01 3.1133490e-02 7.0055827e-02
2.1600000e+02 8.9045483e-01 3.3295445e-02 7.6249726e-02
2.1800000e+02 8.8160467e-01 3.5513114e-02 8.2882211e-02
2.2000000e+02 8.7226194e-01 3.7772477e-02 8.9965582e-02
2.2200000e+02 8.6243349e-01 4.0057298e-02 9.7509205e-02
2.2400000e+02 8.5213149e-01 4.2349234e-02 1.0551928e-01
2.2600000e+02 8.4137386e-01 4.4628054e-02 1.1399809e-01
2.2800000e+02 8.3018428e-01 4.6871882e-02 1.2294383e-01
2.3000000e+02 8.1859225e-01 4.9057629e-02 1.3235012e-01
2.3200000e+02 8.0663300e-01 5.1161408e-02 1.4220560e-01
2.3400000e+02 7.9434699e-01 5.3159118e-02 1.5249389e-01
2.3600000e+02 7.8177947e-01 5.5026967e-02 1.6319357e-01
2.3800000e+02 7.6897967e-01 5.6742154e-02 1.7427817e-01
2.4000000e+02 7.5600040e-01 5.8283411e-02 1.8571618e-01
2.4200000e+02 7.4289662e-01 5.9631661e-02 1.9747172e-01
2.4400000e+02 7.2972476e-01 6.0770486e-02 2.0950475e-01
2.4600000e+02 7.1654153e-01 6.1686594e-02 2.2177188e-01
2.4800000e+02 7.0340317e-01 6.2370196e-02 2.3422663e-01
2.5000000e+02 6.9036412e-01 6.2815174e-02 2.4682070e-01
2.5200000e+02 6.7747635e-01 6.3019216e-02 2.5950444e-01
2.5400000e+02 6.6478848e-01 6.2983721e-02 2.7222779e-01
2.5600000e+02 6.5234512e-01 6.2713690e-02 2.8494120e-01
2.5800000e+02 6.4018655e-01 6.2217459e-02 2.9759598e-01
2.6000000e+02 6.2834817e-01 6.1506327e-02 3.1014550e-01
2.6200000e+02 6.1686027e-01 6.0594138e-02 3.2254559e-01
2.6400000e+02 6.0574812e-01 5.9496805e-02 3.3475506e-01
2.6600000e+02 5.9503204e-01 5.8231842e-02 3.4673613e-01
2.6800000e+02 5.8472735e-01 5.6817856e-02 3.5845479e-01
2.7000000e+02 5.7484490e-01 5.5274088e-02 3.6988100e-01
2.7200000e+02 5.6539130e-01 5.3619970e-02 3.8098872e-01
2.7400000e+02 5.5636919e-01 5.1874764e-02 3.9175606e-01
2.7600000e+02 5.4777777e-01 5.0057169e-02 4.0216506e-01
2.7800000e+02 5.3961319e-01 4.8185095e-02 4.1220170e-01
2.8000000e+02 5.3186888e-01 4.6275392e-02 4.2185575e-01
2.8200000e+02 5.2453613e-01 4.4343721e-02 4.3112016e-01
2.8400000e+02 5.1760441e-01 4.2404409e-02 4.3999118e-01
2.8600000e+02 5.1106149e-01 4.0470395e-02 4.4846812e-01
2.8800000e+02 5.0489414e-01 3.8553193e-02 4.5655268e-01
2.9000000e+02 4.9908820e-01 3.6662906e-02 4.6424893e-01
2.9200000e+02 4.9362889e-01 3.4808241e-02 4.7156289e-01
2.9400000e+02 4.8850098e-01 3.2996602e-02 4.7850245e-01
2.9600000e+02 4.8368919e-01 3.1234127e-02 4.8507670e-01
2.9800000e+02 4.7917807e-01 2.9525809e-02 4.9129611e-01
3.0000000e+02 4.7495237e-01 2.7875567e-02 4.9717209e-01
3.0200000e+02 4.7099707e-01 2.6286351e-02 5.0271654e-01
3.0400000e+02 4.6729743e-01 2.4760235e-02 5.0794232e-01
3.0600000e+02 4.6383917e-01 2.3298539e-02 5.1286227e-01
3.0800000e+02 4.6060845e-01 2.1901898e-02 5.1748961e-01
3.1000000e+02 4.5759192e-01 2.0570353e-02 5.2183777e-01
3.1200000e+02 4.5477676e-01 1.9303450e-02 5.2591980e-01
3.1400000e+02 4.5215076e-01 1.8100314e-02 5.2974892e-01
3.1600000e+02 4.4970217e-01 1.6959701e-02 5.3333813e-01
3.1800000e+02 4.4741994e-01 1.5880089e-02 5.3669995e-01
3.2000000e+02 4.4529352e-01 1.4859718e-02 5.3984672e-01
3.2200000e+02 4.4331285e-01 1.3896652e-02 5.4279047e-01
3.2400000e+02 4.4146854e-01 1.2988817e-02 5.4554266e-01
3.2600000e+02 4.3975163e-01 1.2134031e-02 5.4811436e-01
3.2800000e+02 4.3815374e-01 1.1330068e-02 5.5051619e-01
3.3000000e+02 4.3666700e-01 1.0574657e-02 5.5275840e-01
3.3200000e+02 4.3528390e-01 9.8655187e-03 5.5485058e-01
3.3400000e+02 4.3399751e-01 9.2003811e-03 5.5680209e-01
3.3600000e+02 4.3280128e-01 8.5770106e-03 5.5862176e-01
3.3800000e+02 4.3168905e-01 7.9932082e-03 5.6031775e-01
3.4000000e+02 4.3065512e-01 7.4468311e-03 5.6189805e-01
3.4200000e+02 4.2969409e-01 6.9358037e-03 5.6337017e-01
3.4400000e+02 4.2880094e-01 6.4581139e-03 5.6474096e-01
3.4600000e+02 4.2797098e-01 6.0118274e-03 5.6601715e-01
3.4800000e+02 4.2719978e-01 5.5950843e-03 5.6720513e-01
3.5000000e+02 4.2648330e-01 5.2061132e-03 5.6831062e-01
3.5200000e+02 4.2581776e-01 4.8432159e-03 5.6933904e-01
3.5400000e+02 4.2519948e-01 4.5047789e-03 5.7029569e-01
3.5600000e+02 4.2462525e-01 4.1892701e-03 5.7118547e-01
3.5800000e+02 4.2409194e-01 3.8952350e-03 5.7201284e-01
3.6000000e+02 4.2359665e-01 3.6213004e-03 5.7278210e-01
3.6200000e+02 4.2313671e-01 3.3661651e-03 5.7349712e-01
3.6400000e+02 4.2270961e-01 3.1286050e-03 5.7416183e-01
3.6600000e+02 4.2231306e-01 2.9074638e-03 5.7477945e-01
3.6800000e+02 4.2194486e-01 2.7016548e-03 5.7535350e-01
3.7000000e+02 4.2160299e-01 2.5101567e-03 5.7588691e-01
3.7200000e+02 4.2128563e-01 2.3320112e-03 5.7638234e-01
3.7400000e+02 4.2099103e-01 2.1663166e-03 5.7684261e-01
3.7600000e+02 4.2071751e-01 2.0122298e-03 5.7727027e-01
3.7800000e+02 4.2046362e-01 1.8689603e-03 5.7766742e-01
3.8000000e+02 4.2022794e-01 1.7357692e-03 5.7803631e-01
3.8200000e+02 4.2000917e-01 1.6119644e-03 5.7837892e-01
3.8400000e+02 4.1980612e-01 1.4968988e-03 5.7869697e-01
3.8600000e+02 4.1961765e-01 1.3899681e-03 5.7899237e-01
3.8800000e+02 4.1944271e-01 1.2906081e-03 5.7926667e-01
3.9000000e+02 4.1928032e-01 1.1982925e-03 5.7952142e-01
3.9200000e+02 4.1912964e-01 1.1125297e-03 5.7975787e-01
3.9400000e+02 4.1898975e-01 1.0328616e-03 5.7997733e-01
3.9600000e+02 4.1885993e-01 9.5886120e-04 5.8018118e-01
3.9800000e+02 4.1873947e-01 8.9013070e-04 5.8037043e-01
4.0000000e+02 4.1862768e-01 8.2629878e-04 5.8054602e-01
4.0200000e+02 4.1852391e-01 7.6702051e-04 5.8070910e-01
4.0400000e+02 4.1842759e-01 7.1197416e-04 5.8086044e-01
4.0600000e+02 4.1833824e-01 6.6086062e-04 5.8100092e-01
4.0800000e+02 4.1825533e-01 6.1340141e-04 5.8113128e-01
4.1000000e+02 4.1817838e-01 5.6933734e-04 5.8125228e-01
4.1200000e+02 4.1810694e-01 5.2842736e-04 5.8136463e-01
4.1400000e+02 4.1804066e-01 4.9044716e-04 5.8146894e-01
4.1600000e+02 4.1797915e-01 4.5518827e-04 5.8156568e-01
4.1800000e+02 4.1792208e-01 4.2245694e-04 5.8165544e-01
4.2000000e+02 4.1786912e-01 3.9207307e-04 5.8173883e-01
4.2200000e+02 4.1781998e-01 3.6386907e-04 5.8181614e-01
4.2400000e+02 4.1777438e-01 3.3768945e-04 5.8188796e-01
4.2600000e+02 4.1773206e-01 3.1338920e-04 5.8195454e-01
4.2800000e+02 4.1769278e-01 2.9083443e-04 5.8201641e-01
4.3000000e+02 4.1765633e-01 2.6989981e-04 5.8207381e-01
4.3200000e+02 4.1762254e-01 2.5046951e-04 5.8212698e-01
4.3400000e+02 4.1759115e-01 2.3243600e-04 5.8217639e-01
4.3600000e+02 4.1756201e-01 2.1569882e-04 5.8222228e-01
4.3800000e+02 4.1753501e-01 2.0016532e-04 5.8226484e-01
4.4000000e+02 4.1750994e-01 1.8574904e-04 5.8230436e-01
4.4200000e+02 4.1748667e-01 1.7236990e-04 5.8234096e-01
4.4400000e+02 4.1746506e-01 1.5995337e-04 5.8237493e-01
4.4600000e+02 4.1744503e-01 1.4843039e-04 5.8240652e-01
4.4800000e+02 4.1742644e-01 1.3773676e-04 5.8243579e-01
4.5000000e+02 4.1740921e-01 1.2781280e-04 5.8246303e-01
4.5200000e+02 4.1739321e-01 1.1860330e-04 5.8248818e-01
4.5400000e+02 4.1737837e-01 1.1005696e-04 5.8251160e-01
4.5600000e+02 4.1736457e-01 1.0212598e-04 5.8253330e-01
4.5800000e+02 4.1735178e-01 9.4766161e-05 5.8255345e-01
4.6000000e+02 4.1733992e-01 8.7936482e-05 5.8257216e-01
4.6200000e+02 4.1732889e-01 8.1598700e-05 5.8258951e-01
4.6400000e+02 4.1731867e-01 7.5717478e-05 5.8260560e-01
4.6600000e+02 4.1730919e-01 7.0259943e-05 5.8262056e-01
4.6800000e+02 4.1730040e-01 6.5195592e-05 5.8263439e-01
4.7000000e+02 4.1729224e-01 6.0496161e-05 5.8264726e-01
4.7200000e+02 4.1728467e-01 5.6135312e-05 5.8265918e-01
4.7400000e+02 4.1727763e-01 5.2088719e-05 5.8267027e-01
4.7600000e+02 4.1727114e-01 4.8333735e-05 5.8268052e-01
4.7800000e+02 4.1726509e-01 4.4849356e-05 5.8269012e-01
4.8000000e+02 4.1725945e-01 4.1616087e-05 5.8269894e-01
4.8200000e+02 4.1725427e-01 3.8615875e-05 5.8270711e-01
4.8400000e+02 4.1724944e-01 3.5831887e-05 5.8271474e-01
4.8600000e+02 4.1724497e-01 3.3248576e-05 5.8272177e-01
4.8800000e+02 4.1724080e-01 3.0851450e-05 5.8272833e-01
4.9000000e+02 4.1723695e-01 2.8627124e-05 5.8273447e-01
4.9200000e+02 4.1723338e-01 2.6563142e-05 5.8274007e-01
4.9400000e+02 4.1723004e-01 2.4647947e-05 5.8274531e-01
4.9600000e+02 4.1722697e-01 2.2870814e-05 5.8275014e-01
4.9800000e+02 4.1722411e-01 2.1221795e-05 5.8275467e-01
5.0000000e+02 4.1722143e-01 1.9691654e-05 5.8275890e-01
5.0200000e+02 4.1721898e-01 1.8271838e-05 5.8276272e-01
5.0400000e+02 4.1721669e-01 1.6954380e-05 5.8276641e-01
5.0600000e+02 4.1721457e-01 1.5731897e-05 5.8276969e-01
5.0800000e+02 4.1721261e-01 1.4597563e-05 5.8277279e-01
5.1000000e+02 4.1721079e-01 1.3545005e-05 5.8277565e-01
5.1200000e+02 4.1720909e-01 1.2568330e-05 5.8277833e-01
5.1400000e+02 4.1720754e-01 1.1662079e-05 5.8278078e-01
5.1600000e+02 4.1720608e-01 1.0821164e-05 5.8278310e-01
5.1800000e+02 4.1720474e-01 1.0040884e-05 5.8278525e-01
5.2000000e+02 4.1720346e-01 9.3168683e-06 5.8278728e-01
5.2200000e+02 4.1720229e-01 8.6450509e-06 5.8278906e-01
5.2400000e+02 4.1720119e-01 8.0216760e-06 5.8279079e-01
5.2600000e+02 4.1720021e-01 7.4432519e-06 5.8279234e-01
5.2800000e+02 4.1719928e-01 6.9065295e-06 5.8279383e-01
5.3000000e+02 4.1719842e-01 6.4085098e-06 5.8279514e-01
5.3200000e+02 4.1719761e-01 5.9464010e-06 5.8279645e-01
5.3400000e+02 4.1719687e-01 5.5176147e-06 5.8279759e-01
5.3600000e+02 4.1719618e-01 5.1197426e-06 5.8279872e-01
5.3800000e+02 4.1719553e-01 4.7505605e-06 5.8279967e-01
5.4000000e+02 4.1719493e-01 4.4080002e-06 5.8280063e-01
5.4200000e+02 4.1719437e-01 4.0901418e-06 5.8280152e-01
5.4400000e+02 4.1719386e-01 3.7952038e-06 5.8280230e-01
5.4600000e+02 4.1719338e-01 3.5215337e-06 5.8280307e-01
5.4800000e+02 4.1719294e-01 3.2675948e-06 5.8280379e-01
5.5000000e+02 4.1719255e-01 3.0319675e-06 5.8280438e-01
5.5200000e+02 4.1719216e-01 2.8133313e-06 5.8280504e-01
5.5400000e+02 4.1719183e-01 2.6104610e-06 5.8280551e-01
5.5600000e+02 4.1719151e-01 2.4222197e-06 5.8280605e-01
5.5800000e+02 4.1719121e-01 2.2475526e-06 5.8280653e-01
5.6000000e+02 4.1719091e-01 2.0854809e-06 5.8280700e-01
5.6200000e+02 4.1719067e-01 1.9350962e-06 5.8280742e-01
5.6400000e+02 4.1719043e-01 1.7955557e-06 5.8280778e-01
5.6600000e+02 4.1719019e-01 1.6660759e-06 5.8280814e-01
5.6800000e+02 4.1719002e-01 1.5459332e-06 5.8280843e-01
5.7000000e+02 4.1718981e-01 1.4344540e-06 5.8280873e-01
5.7200000e+02 4.1718963e-01 1.3310138e-06 5.8280909e-01
5.7400000e+02 4.1718945e-01 1.2350328e-06 5.8280927e-01
5.7600000e+02 4.1718930e-01 1.1459731e-06 5.8280957e-01
5.7800000e+02 4.1718915e-01 1.0633355e-06 5.8280981e-01
5.8000000e+02 4.1718903e-01 9.8665714e-07 5.8280998e-01
5.8200000e+02 4.1718891e-01 9.1550805e-07 5.8281022e-01
5.8400000e+02 4.1718879e-01 8.4948965e-07 5.8281040e-01
5.8600000e+02 4.1718867e-01 7.8823194e-07 5.8281058e-01
5.8800000e+02 4.1718858e-01 7.3139154e-07 5.8281070e-01
5.9000000e+02 4.1718850e-01 6.7865000e-07 5.8281082e-01
5.9200000e+02 4.1718841e-01 6.2971174e-07 5.8281094e-01
5.9400000e+02 4.1718835e-01 5.8430243e-07 5.8281106e-01
5.9600000e+02 4.1718826e-01 5.4216770e-07 5.8281118e-01
5.9800000e+02 4.1718820e-01 5.0307131e-07 5.8281136e-01
6.0000000e+02 4.1718811e-01 4.6679423e-07 5.8281142e-01
