# euler 2.0000000e+00 4.1088301e-01
0.0000000e+00 9.9999899e-01 1.0000000e-06 1.3278964e-08
2.0000000e+00 9.9999869e-01 1.0999997e-06 2.1130245e-07
4.0000000e+00 9.9999833e-01 1.2099993e-06 4.5893080e-07
6.0000000e+00 9.9999797e-01 1.3309985e-06 6.9555938e-07
8.0000000e+00 9.9999756e-01 1.4640976e-06 9.7969280e-07
1.0000000e+01 9.9999714e-01 1.6105064e-06 1.2505166e-06
1.2000000e+01 9.9999666e-01 1.7715556e-06 1.5663045e-06
1.4000000e+01 9.9999613e-01 1.9487095e-06 1.9255924e-06
1.6000000e+01 9.9999553e-01 2.1435783e-06 2.3267701e-06
1.8000000e+01 9.9999487e-01 2.3579332e-06 2.7680662e-06
2.0000000e+01 9.9999416e-01 2.5937229e-06 3.2475323e-06
2.2000000e+01 9.9999338e-01 2.8530908e-06 3.7630248e-06
2.4000000e+01 9.9999255e-01 3.1383943e-06 4.3121863e-06
2.6000000e+01 9.9999160e-01 3.4522268e-06 4.9520281e-06
2.8000000e+01 9.9999058e-01 3.7974407e-06 5.6200934e-06
3.0000000e+01 9.9998945e-01 4.1771741e-06 6.3728480e-06
3.2000000e+01 9.9998820e-01 4.5948782e-06 7.2068415e-06
3.4000000e+01 9.9998683e-01 5.0543499e-06 8.1182770e-06
3.6000000e+01 9.9998534e-01 5.5597648e-06 9.1029779e-06
3.8000000e+01 9.9998367e-01 6.1157166e-06 1.0215956e-05
4.0000000e+01 9.9998182e-01 6.7272586e-06 1.1452158e-05
4.2000000e+01 9.9997979e-01 7.3999477e-06 1.2806027e-05
4.4000000e+01 9.9997759e-01 8.1398975e-06 1.4271449e-05
4.6000000e+01 9.9997514e-01 8.9538325e-06 1.5901303e-05
4.8000000e+01 9.9997246e-01 9.8491491e-06 1.7688197e-05
5.0000000e+01 9.9996948e-01 1.0833983e-05 1.9683595e-05
5.2000000e+01 9.9996620e-01 1.1917282e-05 2.1878552e-05
5.4000000e+01 9.9996263e-01 1.3108889e-05 2.4263223e-05
5.6000000e+01 9.9995869e-01 1.4419631e-05 2.6886388e-05
5.8000000e+01 9.9995434e-01 1.5861415e-05 2.9795743e-05
6.0000000e+01 9.9994957e-01 1.7447339e-05 3.2978191e-05
6.2000000e+01 9.9994433e-01 1.9191808e-05 3.6478930e-05
6.4000000e+01 9.9993855e-01 2.1110669e-05 4.0341722e-05
6.6000000e+01 9.9993223e-01 2.3221346e-05 4.4549135e-05
6.8000000e+01 9.9992526e-01 2.5543010e-05 4.9201215e-05
7.0000000e+01 9.9991757e-01 2.8096738e-05 5.4336488e-05
7.2000000e+01 9.9990916e-01 3.0905718e-05 5.9931761e-05
7.4000000e+01 9.9989986e-01 3.3995449e-05 6.6140354e-05
7.6000000e+01 9.9988967e-01 3.7393973e-05 7.2934228e-05
7.8000000e+01 9.9987847e-01 4.1132134e-05 8.0401733e-05
8.0000000e+01 9.9986613e-01 4.5243847e-05 8.8628185e-05
8.2000000e+01 9.9985254e-01 4.9766415e-05 9.7695476e-05
8.4000000e+01 9.9983764e-01 5.4740856e-05 1.0762220e-04
8.6000000e+01 9.9982125e-01 6.0212275e-05 1.1854206e-04
8.8000000e+01 9.9980319e-01 6.6230277e-05 1.3058426e-04
9.0000000e+01 9.9978334e-01 7.2849398e-05 1.4381349e-04
9.2000000e+01 9.9976146e-01 8.0129605e-05 1.5840819e-04
9.4000000e+01 9.9973744e-01 8.8136832e-05 1.7442163e-04
9.6000000e+01 9.9971104e-01 9.6943579e-05 1.9201974e-04
9.8000000e+01 9.9968195e-01 1.0662954e-04 2.1142085e-04
1.0000000e+02 9.9964994e-01 1.1728232e-04 2.3277575e-04
1.0200000e+02 9.9961478e-01 1.2899823e-04 2.5622657e-04
1.0400000e+02 9.9957609e-01 1.4188315e-04 2.8202508e-04
1.0600000e+02 9.9953353e-01 1.5605343e-04 3.1041252e-04
1.0800000e+02 9.9948674e-01 1.7163693e-04 3.4161867e-04
1.1000000e+02 9.9943531e-01 1.8877420e-04 3.7592021e-04
1.1200000e+02 9.9937868e-01 2.0761964e-04 4.1369919e-04
1.1400000e+02 9.9931645e-01 2.2834291e-04 4.5520318e-04
1.1600000e+02 9.9924797e-01 2.5113038e-04 5.0090143e-04
1.1800000e+02 9.9917269e-01 2.7618677e-04 5.5112573e-04
1.2000000e+02 9.9908990e-01 3.0373689e-04 6.0636643e-04
1.2200000e+02 9.9899888e-01 3.3402766e-04 6.6709192e-04
1.2400000e+02 9.9889874e-01 3.6733010e-04 7.3392532e-04
1.2600000e+02 9.9878865e-01 4.0394175e-04 8.0740347e-04
1.2800000e+02 9.9866760e-01 4.4418912e-04 8.8821311e-04
1.3000000e+02 9.9853450e-01 4.8843049e-04 9.7706891e-04
1.3200000e+02 9.9838817e-01 5.3705880e-04 1.0747700e-03
1.3400000e+02 9.9822730e-01 5.9050502e-04 1.1821967e-03
1.3600000e+02 9.9805045e-01 6.4924150e-04 1.3003072e-03
1.3800000e+02 9.9785608e-01 7.1378594e-04 1.4301336e-03
1.4000000e+02 9.9764240e-01 7.8470545e-04 1.5728967e-03
1.4200000e+02 9.9740756e-01 8.6262100e-04 1.7298234e-03
1.4400000e+02 9.9714947e-01 9.4821223e-04 1.9023203e-03
1.4600000e+02 9.9686581e-01 1.0422226e-03 2.0919684e-03
1.4800000e+02 9.9655414e-01 1.1454650e-03 2.3003989e-03
1.5000000e+02 9.9621171e-01 1.2588273e-03 2.5294651e-03
1.5200000e+02 9.9583548e-01 1.3832795e-03 2.7812375e-03
1.5400000e+02 9.9542224e-01 1.5198792e-03 3.0578766e-03
1.5600000e+02 9.9496835e-01 1.6697799e-03 3.3618654e-03
1.5800000e+02 9.9446994e-01 1.8342374e-03 3.6958219e-03
1.6000000e+02 9.9392271e-01 2.0146181e-03 4.0626712e-03
1.6200000e+02 9.9332201e-01 2.2124068e-03 4.4655781e-03
1.6400000e+02 9.9266273e-01 2.4292152e-03 4.9080569e-03
1.6600000e+02 9.9193931e-01 2.6667896e-03 5.3939042e-03
1.6800000e+02 9.9114573e-01 2.9270197e-03 5.9272503e-03
1.7000000e+02 9.9027538e-01 3.2119467e-03 6.5126703e-03
1.7200000e+02 9.8932117e-01 3.5237710e-03 7.1550570e-03
1.7400000e+02 9.8827535e-01 3.8648590e-03 7.8597916e-03
1.7600000e+02 9.8712951e-01 4.2377505e-03 8.6327400e-03
1.7800000e+02 9.8587453e-01 4.6451632e-03 9.4803032e-03
1.8000000e+02 9.8450065e-01 5.0899950e-03 1.0409359e-02
1.8200000e+02 9.8299730e-01 5.5753272e-03 1.1427375e-02
1.8400000e+02 9.8135316e-01 6.1044213e-03 1.2542415e-02
1.8600000e+02 9.7955596e-01 6.6807149e-03 1.3763321e-02
1.8800000e+02 9.7759271e-01 7.3078121e-03 1.5099481e-02
1.9000000e+02 9.7544950e-01 7.9894690e-03 1.6561028e-02
1.9200000e+02 9.7311151e-01 8.7295724e-03 1.8158916e-02
1.9400000e+02 9.7056305e-01 9.5321126e-03 1.9904833e-02
1.9600000e+02 9.6778762e-01 1.0401146e-02 2.1811232e-02
1.9800000e+02 9.6476781e-01 1.1340747e-02 2.3891440e-02
2.0000000e+02 9.6148545e-01 1.2354953e-02 2.6159601e-02
2.0200000e+02 9.5792168e-01 1.3447695e-02 2.8630622e-02
2.0400000e+02 9.5405716e-01 1.4622708e-02 3.1320136e-02
2.0600000e+02 9.4987190e-01 1.5883436e-02 3.4244664e-02
2.0800000e+02 9.4534570e-01 1.7232917e-02 3.7421383e-02
2.1000000e+02 9.4045836e-01 1.8673653e-02 4.0867992e-02
2.1200000e+02 9.3518984e-01 2.0207461e-02 4.4602696e-02
2.1400000e+02 9.2952049e-01 2.1835312e-02 4.8644200e-02
2.1600000e+02 9.2343158e-01 2.3557160e-02 5.3011265e-02
2.1800000e+02 9.1690552e-01 2.5371756e-02 5.7722721e-02
2.2000000e+02 9.0992647e-01 2.7276456e-02 6.2797070e-02
2.2200000e+02 9.0248060e-01 2.9267035e-02 6.8252362e-02
2.2400000e+02 8.9455670e-01 3.1337507e-02 7.4105792e-02
2.2600000e+02 8.8614672e-01 3.3479959e-02 8.0373317e-02
2.2800000e+02 8.7724626e-01 3.5684414e-02 8.7069325e-02
2.3000000e+02 8.6785507e-01 3.7938736e-02 9.4206192e-02
2.3200000e+02 8.5797745e-01 4.0228587e-02 1.0179396e-01
2.3400000e+02 8.4762287e-01 4.2537436e-02 1.0983969e-01
2.3600000e+02 8.3680618e-01 4.4846661e-02 1.1834716e-01
2.3800000e+02 8.2554781e-01 4.7135718e-02 1.2731647e-01
2.4000000e+02 8.1387401e-01 4.9382411e-02 1.3674358e-01
2.4200000e+02 8.0181670e-01 5.1563248e-02 1.4662005e-01
2.4400000e+02 7.8941339e-01 5.3653881e-02 1.5693273e-01
2.4600000e+02 7.7670687e-01 5.5629633e-02 1.6766348e-01
2.4800000e+02 7.6374447e-01 5.7466082e-02 1.7878944e-01
2.5000000e+02 7.5057763e-01 5.9139688e-02 1.9028269e-01
2.5200000e+02 7.3726094e-01 6.0628429e-02 2.0211063e-01
2.5400000e+02 7.2385126e-01 6.1912436e-02 2.1423630e-01
2.5600000e+02 7.1040666e-01 6.2974565e-02 2.2661877e-01
2.5800000e+02 6.9698542e-01 6.3800916e-02 2.3921366e-01
2.6000000e+02 6.8364495e-01 6.4381227e-02 2.5197381e-01
2.6200000e+02 6.7044079e-01 6.4709149e-02 2.6485005e-01
2.6400000e+02 6.5742570e-01 6.4782418e-02 2.7779189e-01
2.6600000e+02 6.4464879e-01 6.4602822e-02 2.9074839e-01
2.6800000e+02 6.3215494e-01 6.4176098e-02 3.0366898e-01
2.7000000e+02 6.1998415e-01 6.3511647e-02 3.1650421e-01
2.7200000e+02 6.0817128e-01 6.2622182e-02 3.2920653e-01
2.7400000e+02 5.9674579e-01 6.1523251e-02 3.4173095e-01
2.7600000e+02 5.8573169e-01 6.0232721e-02 3.5403559e-01
2.7800000e+02 5.7514763e-01 5.8770239e-02 3.6608213e-01
2.8000000e+02 5.6500715e-01 5.7156660e-02 3.7783620e-01
2.8200000e+02 5.5531895e-01 5.5413507e-02 3.8926753e-01
2.8400000e+02 5.4608732e-01 5.3562459e-02 4.0035021e-01
2.8600000e+02 5.3731239e-01 5.1624902e-02 4.1106272e-01
2.8800000e+02 5.2899081e-01 4.9621530e-02 4.2138767e-01
2.9000000e+02 5.2111602e-01 4.7572024e-02 4.3131196e-01
2.9200000e+02 5.1367885e-01 4.5494784e-02 4.4082636e-01
2.9400000e+02 5.0666791e-01 4.3406740e-02 4.4992536e-01
2.9600000e+02 5.0007010e-01 4.1323233e-02 4.5860666e-01
2.9800000e+02 4.9387074e-01 3.9257940e-02 4.6687132e-01
3.0000000e+02 4.8805422e-01 3.7222855e-02 4.7472292e-01
3.0200000e+02 4.8260418e-01 3.5228316e-02 4.8216754e-01
3.0400000e+02 4.7750378e-01 3.3283051e-02 4.8921317e-01
3.0600000e+02 4.7273594e-01 3.1394277e-02 4.9586979e-01
3.0800000e+02 4.6828359e-01 2.9567782e-02 5.0214863e-01
3.1000000e+02 4.6412978e-01 2.7808057e-02 5.0806212e-01
3.1200000e+02 4.6025780e-01 2.6118409e-02 5.1362383e-01
3.1400000e+02 4.5665145e-01 2.4501087e-02 5.1884747e-01
3.1600000e+02 4.5329490e-01 2.2957407e-02 5.2374774e-01
3.1800000e+02 4.5017296e-01 2.1487869e-02 5.2833915e-01
3.2000000e+02 4.4727099e-01 2.0092273e-02 5.3263676e-01
3.2200000e+02 4.4457498e-01 1.8769827e-02 5.3665525e-01
3.2400000e+02 4.4207162e-01 1.7519239e-02 5.4040915e-01
3.2600000e+02 4.3974820e-01 1.6338820e-02 5.4391301e-01
3.2800000e+02 4.3759272e-01 1.5226546e-02 5.4718071e-01
3.3000000e+02 4.3559381e-01 1.4180144e-02 5.5022603e-01
3.3200000e+02 4.3374076e-01 1.3197150e-02 5.5306214e-01
3.3400000e+02 4.3202353e-01 1.2274963e-02 5.5570149e-01
3.3600000e+02 4.3043262e-01 1.1410892e-02 5.5815649e-01
3.3800000e+02 4.2895913e-01 1.0602199e-02 5.6043869e-01
3.4000000e+02 4.2759475e-01 9.8461322e-03 5.6255907e-01
3.4200000e+02 4.2633170e-01 9.1399522e-03 5.6452835e-01
3.4400000e+02 4.2516270e-01 8.4809568e-03 5.6635636e-01
3.4600000e+02 4.2408097e-01 7.8665018e-03 5.6805253e-01
3.4800000e+02 4.2308015e-01 7.2940118e-03 5.6962585e-01
3.5000000e+02 4.2215437e-01 6.7609949e-03 5.7108462e-01
3.5200000e+02 4.2129812e-01 6.2650507e-03 5.7243681e-01
3.5400000e+02 4.2050627e-01 5.8038770e-03 5.7368988e-01
3.5600000e+02 4.1977409e-01 5.3752717e-03 5.7485068e-01
3.5800000e+02 4.1909716e-01 4.9771373e-03 5.7592565e-01
3.6000000e+02 4.1847140e-01 4.6074810e-03 5.7692111e-01
3.6200000e+02 4.1789296e-01 4.2644143e-03 5.7784265e-01
3.6400000e+02 4.1735834e-01 3.9461521e-03 5.7869554e-01
3.6600000e+02 4.1686425e-01 3.6510094e-03 5.7948470e-01
3.6800000e+02 4.1640764e-01 3.3774001e-03 5.8021498e-01
3.7000000e+02 4.1598573e-01 3.1238326e-03 5.8089048e-01
3.7200000e+02 4.1559589e-01 2.8889072e-03 5.8151519e-01
3.7400000e+02 4.1523570e-01 2.6713111e-03 5.8209300e-01
3.7600000e+02 4.1490293e-01 2.4698160e-03 5.8262724e-01
3.7800000e+02 4.1459551e-01 2.2832730e-03 5.8312124e-01
3.8000000e+02 4.1431153e-01 2.1106089e-03 5.8357787e-01
3.8200000e+02 4.1404921e-01 1.9508220e-03 5.8399999e-01
3.8400000e+02 4.1380689e-01 1.8029785e-03 5.8439010e-01
3.8600000e+02 4.1358307e-01 1.6662083e-03 5.8475077e-01
3.8800000e+02 4.1337633e-01 1.5397012e-03 5.8508396e-01
3.9000000e+02 4.1318539e-01 1.4227038e-03 5.8539194e-01
3.9200000e+02 4.1300905e-01 1.3145152e-03 5.8567643e-01
3.9400000e+02 4.1284618e-01 1.2144842e-03 5.8593929e-01
3.9600000e+02 4.1269577e-01 1.1220060e-03 5.8618224e-01
3.9800000e+02 4.1255686e-01 1.0365190e-03 5.8640659e-01
4.0000000e+02 4.1242856e-01 9.5750205e-04 5.8661395e-01
4.0200000e+02 4.1231009e-01 8.8447199e-04 5.8680540e-01
4.0400000e+02 4.1220069e-01 8.1698061e-04 5.8698231e-01
4.0600000e+02 4.1209966e-01 7.5461250e-04 5.8714575e-01
4.0800000e+02 4.1200638e-01 6.9698266e-04 5.8729666e-01
4.1000000e+02 4.1192022e-01 6.4373453e-04 5.8743608e-01
4.1200000e+02 4.1184068e-01 5.9453782e-04 5.8756477e-01
4.1400000e+02 4.1176721e-01 5.4908672e-04 5.8768368e-01
4.1600000e+02 4.1169938e-01 5.0709816e-04 5.8779347e-01
4.1800000e+02 4.1163674e-01 4.6831014e-04 5.8789498e-01
4.2000000e+02 4.1157889e-01 4.3248021e-04 5.8798862e-01
4.2200000e+02 4.1152549e-01 3.9938409e-04 5.8807510e-01
4.2400000e+02 4.1147619e-01 3.6881430e-04 5.8815497e-01
4.2600000e+02 4.1143066e-01 3.4057893e-04 5.8822876e-01
4.2800000e+02 4.1138861e-01 3.1450053e-04 5.8829689e-01
4.3000000e+02 4.1134980e-01 2.9041502e-04 5.8835983e-01
4.3200000e+02 4.1131395e-01 2.6817067e-04 5.8841789e-01
4.3400000e+02 4.1128087e-01 2.4762723e-04 5.8847153e-01
4.3600000e+02 4.1125032e-01 2.2865509e-04 5.8852100e-01
4.3800000e+02 4.1122210e-01 2.1113441e-04 5.8856678e-01
4.4000000e+02 4.1119605e-01 1.9495447e-04 5.8860898e-01
4.4200000e+02 4.1117200e-01 1.8001292e-04 5.8864796e-01
4.4400000e+02 4.1114980e-01 1.6621522e-04 5.8868396e-01
4.4600000e+02 4.1112930e-01 1.5347399e-04 5.8871722e-01
4.4800000e+02 4.1111037e-01 1.4170849e-04 5.8874792e-01
4.5000000e+02 4.1109291e-01 1.3084414e-04 5.8877629e-01
4.5200000e+02 4.1107678e-01 1.2081204e-04 5.8880240e-01
4.5400000e+02 4.1106188e-01 1.1154854e-04 5.8882660e-01
4.5600000e+02 4.1104811e-01 1.0299484e-04 5.8884889e-01
4.5800000e+02 4.1103542e-01 9.5096620e-05 5.8886951e-01
4.6000000e+02 4.1102371e-01 8.7803724e-05 5.8888847e-01
4.6200000e+02 4.1101289e-01 8.1069804e-05 5.8890605e-01
4.6400000e+02 4.1100290e-01 7.4852062e-05 5.8892226e-01
4.6600000e+02 4.1099367e-01 6.9110974e-05 5.8893722e-01
4.6800000e+02 4.1098514e-01 6.3810032e-05 5.8895105e-01
4.7000000e+02 4.1097727e-01 5.8915517e-05 5.8896387e-01
4.7200000e+02 4.1097000e-01 5.4396296e-05 5.8897561e-01
4.7400000e+02 4.1096330e-01 5.0223611e-05 5.8898646e-01
4.7600000e+02 4.1095710e-01 4.6370908e-05 5.8899653e-01
4.7800000e+02 4.1095138e-01 4.2813663e-05 5.8900583e-01
4.8000000e+02 4.1094610e-01 3.9529230e-05 5.8901435e-01
4.8200000e+02 4.1094121e-01 3.6496698e-05 5.8902228e-01
4.8400000e+02 4.1093671e-01 3.3696757e-05 5.8902961e-01
4.8600000e+02 4.1093257e-01 3.1111576e-05 5.8903635e-01
4.8800000e+02 4.1092873e-01 2.8724689e-05 5.8904254e-01
4.9000000e+02 4.1092518e-01 2.6520891e-05 5.8904833e-01
4.9200000e+02 4.1092190e-01 2.4486144e-05 5.8905357e-01
4.9400000e+02 4.1091889e-01 2.2607483e-05 5.8905852e-01
4.9600000e+02 4.1091609e-01 2.0872938e-05 5.8906305e-01
4.9800000e+02 4.1091353e-01 1.9271458e-05 5.8906722e-01
5.0000000e+02 4.1091114e-01 1.7792838e-05 5.8907104e-01
5.0200000e+02 4.1090894e-01 1.6427653e-05 5.8907461e-01
5.0400000e+02 4.1090691e-01 1.5167204e-05 5.8907795e-01
5.0600000e+02 4.1090503e-01 1.4003455e-05 5.8908099e-01
5.0800000e+02 4.1090330e-01 1.2928991e-05 5.8908373e-01
5.1000000e+02 4.1090173e-01 1.1936962e-05 5.8908635e-01
5.1200000e+02 4.1090026e-01 1.1021046e-05 5.8908874e-01
5.1400000e+02 4.1089889e-01 1.0175402e-05 5.8909088e-01
5.1600000e+02 4.1089764e-01 9.3946401e-06 5.8909297e-01
5.1800000e+02 4.1089648e-01 8.6737828e-06 5.8909482e-01
5.2000000e+02 4.1089541e-01 8.0082345e-06 5.8909661e-01
5.2200000e+02 4.1089442e-01 7.3937517e-06 5.8909822e-01
5.2400000e+02 4.1089350e-01 6.8264167e-06 5.8909965e-01
5.2600000e+02 4.1089267e-01 6.3026123e-06 5.8910102e-01
5.2800000e+02 4.1089189e-01 5.8189989e-06 5.8910227e-01
5.3000000e+02 4.1089118e-01 5.3724930e-06 5.8910346e-01
5.3200000e+02 4.1089052e-01 4.9602472e-06 5.8910453e-01
5.3400000e+02 4.1088989e-01 4.5796332e-06 5.8910555e-01
5.3600000e+02 4.1088933e-01 4.2282240e-06 5.8910644e-01
5.3800000e+02 4.1088882e-01 3.9037786e-06 5.8910733e-01
5.4000000e+02 4.1088834e-01 3.6042286e-06 5.8910811e-01
5.4200000e+02 4.1088790e-01 3.3276635e-06 5.8910877e-01
5.4400000e+02 4.1088748e-01 3.0723199e-06 5.8910942e-01
5.4600000e+02 4.1088709e-01 2.8365694e-06 5.8911002e-01
5.4800000e+02 4.1088673e-01 2.6189084e-06 5.8911061e-01
5.5000000e+02 4.1088641e-01 2.4179492e-06 5.8911115e-01
5.5200000e+02 4.1088611e-01 2.2324100e-06 5.8911169e-01
5.5400000e+02 4.1088584e-01 2.0611078e-06 5.8911210e-01
5.5600000e+02 4.1088557e-01 1.9029503e-06 5.8911252e-01
5.5800000e+02 4.1088533e-01 1.7569287e-06 5.8911294e-01
5.6000000e+02 4.1088513e-01 1.6221118e-06 5.8911330e-01
5.6200000e+02 4.1088492e-01 1.4976399e-06 5.8911359e-01
5.6400000e+02 4.1088474e-01 1.3827192e-06 5.8911389e-01
5.6600000e+02 4.1088456e-01 1.2766168e-06 5.8911419e-01
5.6800000e+02 4.1088441e-01 1.1786560e-06 5.8911443e-01
5.7000000e+02 4.1088426e-01 1.0882122e-06 5.8911467e-01
5.7200000e+02 4.1088411e-01 1.0047086e-06 5.8911484e-01
5.7400000e+02 4.1088399e-01 9.2761252e-07 5.8911502e-01
5.7600000e+02 4.1088387e-01 8.5643234e-07 5.8911526e-01
5.7800000e+02 4.1088375e-01 7.9071413e-07 5.8911544e-01
5.8000000e+02 4.1088367e-01 7.3003878e-07 5.8911562e-01
5.8200000e+02 4.1088358e-01 6.7401930e-07 5.8911580e-01
5.8400000e+02 4.1088349e-01 6.2229850e-07 5.8911592e-01
5.8600000e+02 4.1088340e-01 5.7454645e-07 5.8911598e-01
5.8800000e+02 4.1088334e-01 5.3045864e-07 5.8911616e-01
5.9000000e+02 4.1088328e-01 4.8975392e-07 5.8911622e-01
5.9200000e+02 4.1088322e-01 4.5217263e-07 5.8911633e-01
5.9400000e+02 4.1088316e-01 4.1747515e-07 5.8911639e-01
5.9600000e+02 4.1088310e-01 3.8544016e-07 5.8911657e-01
5.9800000e+02 4.1088304e-01 3.5586339e-07 5.8911657e-01
6.0000000e+02 4.1088301e-01 3.2855618e-07 5.8911663e-01
