# rk4 2.0000000e+00 4.1718790e-01
0.0000000e+00 9.9999899e-01 1.0000000e-06 1.3278964e-08
2.0000000e+00 9.9999869e-01 1.1051704e-06 2.0613174e-07
4.0000000e+00 9.9999833e-01 1.2214016e-06 4.4752846e-07
6.0000000e+00 9.9999797e-01 1.3498567e-06 6.7670123e-07
8.0000000e+00 9.9999756e-01 1.4918212e-06 9.5196924e-07
1.0000000e+01 9.9999708e-01 1.6487160e-06 1.2719116e-06
1.2000000e+01 9.9999654e-01 1.8221110e-06 1.6349584e-06
1.4000000e+01 9.9999595e-01 2.0137418e-06 2.0393741e-06
1.6000000e+01 9.9999529e-01 2.2255258e-06 2.4832411e-06
1.8000000e+01 9.9999458e-01 2.4595824e-06 2.9644402e-06
2.0000000e+01 9.9999380e-01 2.7182541e-06 3.4806289e-06
2.2000000e+01 9.9999297e-01 3.0041292e-06 4.0292189e-06
2.4000000e+01 9.9999201e-01 3.3200686e-06 4.6669538e-06
2.6000000e+01 9.9999094e-01 3.6692336e-06 5.3906724e-06
2.8000000e+01 9.9998981e-01 4.0551181e-06 6.1372762e-06
3.0000000e+01 9.9998856e-01 4.4815838e-06 6.9625080e-06
3.2000000e+01 9.9998713e-01 4.9528976e-06 7.9217061e-06
3.4000000e+01 9.9998558e-01 5.4737757e-06 8.9505484e-06
3.6000000e+01 9.9998385e-01 6.0494294e-06 1.0103429e-05
3.8000000e+01 9.9998194e-01 6.6856187e-06 1.1374588e-05
4.0000000e+01 9.9997985e-01 7.3887086e-06 1.2757661e-05
4.2000000e+01 9.9997753e-01 8.1657327e-06 1.4305218e-05
4.4000000e+01 9.9997497e-01 9.0244657e-06 1.6009486e-05
4.6000000e+01 9.9997211e-01 9.9734971e-06 1.7921477e-05
4.8000000e+01 9.9996895e-01 1.1022321e-05 2.0031699e-05
5.0000000e+01 9.9996549e-01 1.2181428e-05 2.2329661e-05
5.2000000e+01 9.9996167e-01 1.3462412e-05 2.4863373e-05
5.4000000e+01 9.9995744e-01 1.4878085e-05 2.7679631e-05
5.6000000e+01 9.9995273e-01 1.6442606e-05 3.0823878e-05
5.8000000e+01 9.9994755e-01 1.8171617e-05 3.4280471e-05
6.0000000e+01 9.9994183e-01 2.0082407e-05 3.8091726e-05
6.2000000e+01 9.9993551e-01 2.2194083e-05 4.2298143e-05
6.4000000e+01 9.9992853e-01 2.4527753e-05 4.6938214e-05
6.6000000e+01 9.9992079e-01 2.7106746e-05 5.2107825e-05
6.8000000e+01 9.9991226e-01 2.9956835e-05 5.7781202e-05
7.0000000e+01 9.9990278e-01 3.3106502e-05 6.4108674e-05
7.2000000e+01 9.9989235e-01 3.6587218e-05 7.1058770e-05
7.4000000e+01 9.9988079e-01 4.0433752e-05 7.8775542e-05
7.6000000e+01 9.9986804e-01 4.4684522e-05 8.7280161e-05
7.8000000e+01 9.9985397e-01 4.9381975e-05 9.6649404e-05
8.0000000e+01 9.9983841e-01 5.4573004e-05 1.0701519e-04
8.2000000e+01 9.9982119e-01 6.0309416e-05 1.1850452e-04
8.4000000e+01 9.9980217e-01 6.6648448e-05 1.3117937e-04
8.6000000e+01 9.9978113e-01 7.3653326e-05 1.4521493e-04
8.8000000e+01 9.9975789e-01 8.1393882e-05 1.6072018e-04
9.0000000e+01 9.9973220e-01 8.9947272e-05 1.7785639e-04
9.2000000e+01 9.9970382e-01 9.9398698e-05 1.9677679e-04
9.4000000e+01 9.9967247e-01 1.0984227e-04 2.1768524e-04
9.6000000e+01 9.9963784e-01 1.2138193e-04 2.4077590e-04
9.8000000e+01 9.9959958e-01 1.3413244e-04 2.6629155e-04
1.0000000e+02 9.9955726e-01 1.4822053e-04 2.9452279e-04
1.0200000e+02 9.9951053e-01 1.6378611e-04 3.2568723e-04
1.0400000e+02 9.9945891e-01 1.8098368e-04 3.6010728e-04
1.0600000e+02 9.9940187e-01 1.9998374e-04 3.9814887e-04
1.0800000e+02 9.9933881e-01 2.2097449e-04 4.4021982e-04
1.1000000e+02 9.9926913e-01 2.4416362e-04 4.8670854e-04
1.1200000e+02 9.9919218e-01 2.6978028e-04 5.3804147e-04
1.1400000e+02 9.9910712e-01 2.9807733e-04 5.9480022e-04
1.1600000e+02 9.9901319e-01 3.2933359e-04 6.5748091e-04
1.1800000e+02 9.9890941e-01 3.6385658e-04 7.2672963e-04
1.2000000e+02 9.9879473e-01 4.0198534e-04 8.0328016e-04
1.2200000e+02 9.9866807e-01 4.4409357e-04 8.8783179e-04
1.2400000e+02 9.9852818e-01 4.9059308e-04 9.8122447e-04
1.2600000e+02 9.9837369e-01 5.4193748e-04 1.0843752e-03
1.2800000e+02 9.9820304e-01 5.9862627e-04 1.1983346e-03
1.3000000e+02 9.9801457e-01 6.6120934e-04 1.3242214e-03
1.3200000e+02 9.9780643e-01 7.3029171e-04 1.4632784e-03
1.3400000e+02 9.9757665e-01 8.0653880e-04 1.6168072e-03
1.3600000e+02 9.9732292e-01 8.9068204e-04 1.7864010e-03
1.3800000e+02 9.9704283e-01 9.8352495e-04 1.9736402e-03
1.4000000e+02 9.9673361e-01 1.0859497e-03 2.1804445e-03
1.4200000e+02 9.9639231e-01 1.1989241e-03 2.4087662e-03
1.4400000e+02 9.9601567e-01 1.3235091e-03 2.6608231e-03
1.4600000e+02 9.9560010e-01 1.4608668e-03 2.9390289e-03
1.4800000e+02 9.9514163e-01 1.6122686e-03 3.2461060e-03
1.5000000e+02 9.9463594e-01 1.7791044e-03 3.5849561e-03
1.5200000e+02 9.9407828e-01 1.9628913e-03 3.9588301e-03
1.5400000e+02 9.9346340e-01 2.1652833e-03 4.3713199e-03
1.5600000e+02 9.9278563e-01 2.3880810e-03 4.8262863e-03
1.5800000e+02 9.9203873e-01 2.6332415e-03 5.3280317e-03
1.6000000e+02 9.9121588e-01 2.9028868e-03 5.8812285e-03
1.6200000e+02 9.9030972e-01 3.1993147e-03 6.4909700e-03
1.6400000e+02 9.8931211e-01 3.5250064e-03 7.1628811e-03
1.6600000e+02 9.8821425e-01 3.8826340e-03 7.9031121e-03
1.6800000e+02 9.8700666e-01 4.2750668e-03 8.7182689e-03
1.7000000e+02 9.8567897e-01 4.7053760e-03 9.6156532e-03
1.7200000e+02 9.8422003e-01 5.1768352e-03 1.0603137e-02
1.7400000e+02 9.8261774e-01 5.6929197e-03 1.1689344e-02
1.7600000e+02 9.8085916e-01 6.2573003e-03 1.2883539e-02
1.7800000e+02 9.7893041e-01 6.8738312e-03 1.4195755e-02
1.8000000e+02 9.7681665e-01 7.5465348e-03 1.5636811e-02
1.8200000e+02 9.7450203e-01 8.2795741e-03 1.7218400e-02
1.8400000e+02 9.7196984e-01 9.0772193e-03 1.8952938e-02
1.8600000e+02 9.6920234e-01 9.9438056e-03 2.0853855e-02
1.8800000e+02 9.6618098e-01 1.0883674e-02 2.2935346e-02
1.9000000e+02 9.6288639e-01 1.1901102e-02 2.5212504e-02
1.9200000e+02 9.5929855e-01 1.3000220e-02 2.7701229e-02
1.9400000e+02 9.5539683e-01 1.4184909e-02 3.0418260e-02
1.9600000e+02 9.5116019e-01 1.5458683e-02 3.3381127e-02
1.9800000e+02 9.4656754e-01 1.6824551e-02 3.6607914e-02
2.0000000e+02 9.4159788e-01 1.8284865e-02 4.0117256e-02
2.0200000e+02 9.3623060e-01 1.9841151e-02 4.3928251e-02
2.0400000e+02 9.3044591e-01 2.1493923e-02 4.8060168e-02
2.0600000e+02 9.2422527e-01 2.3242489e-02 5.2532241e-02
2.0800000e+02 9.1755182e-01 2.5084749e-02 5.7363436e-02
2.1000000e+02 9.1041082e-01 2.7016999e-02 6.2572181e-02
2.1200000e+02 9.0279037e-01 2.9033739e-02 6.8175897e-02
2.1400000e+02 8.9468169e-01 3.1127499e-02 7.4190810e-02
2.1600000e+02 8.8607991e-01 3.3288710e-02 8.0631383e-02
2.1800000e+02 8.7698442e-01 3.5505593e-02 8.7509990e-02
2.2000000e+02 8.6739945e-01 3.7764139e-02 9.4836406e-02
2.2200000e+02 8.5733449e-01 4.0048126e-02 1.0261738e-01
2.2400000e+02 8.4680462e-01 4.2339232e-02 1.1085615e-01
2.2600000e+02 8.3583057e-01 4.4617236e-02 1.1955220e-01
2.2800000e+02 8.2443899e-01 4.6860296e-02 1.2870072e-01
2.3000000e+02 8.1266224e-01 4.9045339e-02 1.3829242e-01
2.3200000e+02 8.0053812e-01 5.1148511e-02 1.4831337e-01
2.3400000e+02 7.8810954e-01 5.3145722e-02 1.5874474e-01
2.3600000e+02 7.7542382e-01 5.5013213e-02 1.6956297e-01
2.3800000e+02 7.6253200e-01 5.6728188e-02 1.8073982e-01
2.4000000e+02 7.4948794e-01 5.8269415e-02 1.9224265e-01
2.4200000e+02 7.3634744e-01 5.9617810e-02 2.0403475e-01
2.4400000e+02 7.2316718e-01 6.0756974e-02 2.1607584e-01
2.4600000e+02 7.1000367e-01 6.1673626e-02 2.2832270e-01
2.4800000e+02 6.9691223e-01 6.2357958e-02 2.4072981e-01
2.5000000e+02 6.8394613e-01 6.2803842e-02 2.5325003e-01
2.5200000e+02 6.7115575e-01 6.3008934e-02 2.6583531e-01
2.5400000e+02 6.5858775e-01 6.2974632e-02 2.7843761e-01
2.5600000e+02 6.4628458e-01 6.2705912e-02 2.9100952e-01
2.5800000e+02 6.3428402e-01 6.2211074e-02 3.0350491e-01
2.6000000e+02 6.2261897e-01 6.1501388e-02 3.1587964e-01
2.6200000e+02 6.1131728e-01 6.0590662e-02 3.2809207e-01
2.6400000e+02 6.0040164e-01 5.9494790e-02 3.4010357e-01
2.6600000e+02 5.8988994e-01 5.8231253e-02 3.5187879e-01
2.6800000e+02 5.7979524e-01 5.6818638e-02 3.6338612e-01
2.7000000e+02 5.7012624e-01 5.5276170e-02 3.7459761e-01
2.7200000e+02 5.6088752e-01 5.3623274e-02 3.8548923e-01
2.7400000e+02 5.5207998e-01 5.1879179e-02 3.9604086e-01
2.7600000e+02 5.4370135e-01 5.0062593e-02 4.0623605e-01
2.7800000e+02 5.3574640e-01 4.8191406e-02 4.1606221e-01
2.8000000e+02 5.2820742e-01 4.6282481e-02 4.2551011e-01
2.8200000e+02 5.2107477e-01 4.4351470e-02 4.3457377e-01
2.8400000e+02 5.1433712e-01 4.2412702e-02 4.4325018e-01
2.8600000e+02 5.0798172e-01 4.0479124e-02 4.5153916e-01
2.8800000e+02 5.0199485e-01 3.8562249e-02 4.5944291e-01
2.9000000e+02 4.9636200e-01 3.6672190e-02 4.6696585e-01
2.9200000e+02 4.9106818e-01 3.4817666e-02 4.7411415e-01
2.9400000e+02 4.8609817e-01 3.3006087e-02 4.8089576e-01
2.9600000e+02 4.8143655e-01 3.1243604e-02 4.8731986e-01
2.9800000e+02 4.7706801e-01 2.9535213e-02 4.9339679e-01
3.0000000e+02 4.7297737e-01 2.7884843e-02 4.9913776e-01
3.0200000e+02 4.6914977e-01 2.6295451e-02 5.0455481e-01
3.0400000e+02 4.6557069e-01 2.4769127e-02 5.0966018e-01
3.0600000e+02 4.6222606e-01 2.3307189e-02 5.1446676e-01
3.0800000e+02 4.5910230e-01 2.1910276e-02 5.1898748e-01
3.1000000e+02 4.5618635e-01 2.0578442e-02 5.2323520e-01
3.1200000e+02 4.5346567e-01 1.9311236e-02 5.2722305e-01
3.1400000e+02 4.5092827e-01 1.8107781e-02 5.3096396e-01
3.1600000e+02 4.4856277e-01 1.6966846e-02 5.3447044e-01
3.1800000e+02 4.4635832e-01 1.5886910e-02 5.3775477e-01
3.2000000e+02 4.4430467e-01 1.4866217e-02 5.4082906e-01
3.2200000e+02 4.4239208e-01 1.3902830e-02 5.4370505e-01
3.2400000e+02 4.4061139e-01 1.2994677e-02 5.4639399e-01
3.2600000e+02 4.3895394e-01 1.2139586e-02 5.4890651e-01
3.2800000e+02 4.3741155e-01 1.1335323e-02 5.5125314e-01
3.3000000e+02 4.3597654e-01 1.0579619e-02 5.5344385e-01
3.3200000e+02 4.3464172e-01 9.8701958e-03 5.5548811e-01
3.3400000e+02 4.3340033e-01 9.2047881e-03 5.5739486e-01
3.3600000e+02 4.3224606e-01 8.5811559e-03 5.5917275e-01
3.3800000e+02 4.3117294e-01 7.9971049e-03 5.6082994e-01
3.4000000e+02 4.3017539e-01 7.4504917e-03 5.6237406e-01
3.4200000e+02 4.2924824e-01 6.9392375e-03 5.6381255e-01
3.4400000e+02 4.2838663e-01 6.4613326e-03 5.6515205e-01
3.4600000e+02 4.2758602e-01 6.0148416e-03 5.6639916e-01
3.4800000e+02 4.2684215e-01 5.5979076e-03 5.6755996e-01
3.5000000e+02 4.2615110e-01 5.2087540e-03 5.6864017e-01
3.5200000e+02 4.2550915e-01 4.8456844e-03 5.6964517e-01
3.5400000e+02 4.2491287e-01 4.5070853e-03 5.7058007e-01
3.5600000e+02 4.2435905e-01 4.1914238e-03 5.7144952e-01
3.5800000e+02 4.2384472e-01 3.8972457e-03 5.7225806e-01
3.6000000e+02 4.2336708e-01 3.6231759e-03 5.7300973e-01
3.6200000e+02 4.2292354e-01 3.3679146e-03 5.7370853e-01
3.6400000e+02 4.2251170e-01 3.1302357e-03 5.7435805e-01
3.6600000e+02 4.2212930e-01 2.9089837e-03 5.7496172e-01
3.6800000e+02 4.2177427e-01 2.7030713e-03 5.7552266e-01
3.7000000e+02 4.2144462e-01 2.5114766e-03 5.7604384e-01
3.7200000e+02 4.2113861e-01 2.3332399e-03 5.7652813e-01
3.7400000e+02 4.2085454e-01 2.1674607e-03 5.7697797e-01
3.7600000e+02 4.2059082e-01 2.0132950e-03 5.7739592e-01
3.7800000e+02 4.2034602e-01 1.8699520e-03 5.7778400e-01
3.8000000e+02 4.2011878e-01 1.7366918e-03 5.7814449e-01
3.8200000e+02 4.1990784e-01 1.6128224e-03 5.7847935e-01
3.8400000e+02 4.1971207e-01 1.4976966e-03 5.7879025e-01
3.8600000e+02 4.1953033e-01 1.3907100e-03 5.7907897e-01
3.8800000e+02 4.1936165e-01 1.2912980e-03 5.7934707e-01
3.9000000e+02 4.1920510e-01 1.1989337e-03 5.7959598e-01
3.9200000e+02 4.1905981e-01 1.1131258e-03 5.7982707e-01
3.9400000e+02 4.1892496e-01 1.0334158e-03 5.8004165e-01
3.9600000e+02 4.1879982e-01 9.5937628e-04 5.8024079e-01
3.9800000e+02 4.1868368e-01 8.9060917e-04 5.8042574e-01
4.0000000e+02 4.1857588e-01 8.2674343e-04 5.8059740e-01
4.0200000e+02 4.1847584e-01 7.6743367e-04 5.8075672e-01
4.0400000e+02 4.1838300e-01 7.1235810e-04 5.8090466e-01
4.0600000e+02 4.1829684e-01 6.6121732e-04 5.8104199e-01
4.0800000e+02 4.1821688e-01 6.1373267e-04 5.8116937e-01
4.1000000e+02 4.1814268e-01 5.6964497e-04 5.8128768e-01
4.1200000e+02 4.1807383e-01 5.2871299e-04 5.8139747e-01
4.1400000e+02 4.1800994e-01 4.9071241e-04 5.8149934e-01
4.1600000e+02 4.1795063e-01 4.5543464e-04 5.8159393e-01
4.1800000e+02 4.1789562e-01 4.2268579e-04 5.8168173e-01
4.2000000e+02 4.1784456e-01 3.9228555e-04 5.8176321e-01
4.2200000e+02 4.1779718e-01 3.6406639e-04 5.8183873e-01
4.2400000e+02 4.1775322e-01 3.3787254e-04 5.8190888e-01
4.2600000e+02 4.1771242e-01 3.1355931e-04 5.8197397e-01
4.2800000e+02 4.1767457e-01 2.9099223e-04 5.8203447e-01
4.3000000e+02 4.1763943e-01 2.7004635e-04 5.8209050e-01
4.3200000e+02 4.1760683e-01 2.5060563e-04 5.8214259e-01
4.3400000e+02 4.1757658e-01 2.3256226e-04 5.8219087e-01
4.3600000e+02 4.1754851e-01 2.1581611e-04 5.8223563e-01
4.3800000e+02 4.1752246e-01 2.0027417e-04 5.8227730e-01
4.4000000e+02 4.1749829e-01 1.8585009e-04 5.8231586e-01
4.4200000e+02 4.1747585e-01 1.7246365e-04 5.8235174e-01
4.4400000e+02 4.1745505e-01 1.6004038e-04 5.8238488e-01
4.4600000e+02 4.1743574e-01 1.4851111e-04 5.8241570e-01
4.4800000e+02 4.1741782e-01 1.3781164e-04 5.8244437e-01
4.5000000e+02 4.1740119e-01 1.2788235e-04 5.8247089e-01
4.5200000e+02 4.1738576e-01 1.1866789e-04 5.8249557e-01
4.5400000e+02 4.1737145e-01 1.1011687e-04 5.8251846e-01
4.5600000e+02 4.1735816e-01 1.0218161e-04 5.8253968e-01
4.5800000e+02 4.1734582e-01 9.4817820e-05 5.8255935e-01
4.6000000e+02 4.1733438e-01 8.7984386e-05 5.8257765e-01
4.6200000e+02 4.1732377e-01 8.1643164e-05 5.8259457e-01
4.6400000e+02 4.1731393e-01 7.5758733e-05 5.8261031e-01
4.6600000e+02 4.1730478e-01 7.0298222e-05 5.8262497e-01
4.6800000e+02 4.1729629e-01 6.5231121e-05 5.8263850e-01
4.7000000e+02 4.1728842e-01 6.0529110e-05 5.8265102e-01
4.7200000e+02 4.1728112e-01 5.6165904e-05 5.8266270e-01
4.7400000e+02 4.1727436e-01 5.2117106e-05 5.8267355e-01
4.7600000e+02 4.1726807e-01 4.8360074e-05 5.8268362e-01
4.7800000e+02 4.1726223e-01 4.4873799e-05 5.8269292e-01
4.8000000e+02 4.1725680e-01 4.1638781e-05 5.8270150e-01
4.8200000e+02 4.1725177e-01 3.8636921e-05 5.8270961e-01
4.8400000e+02 4.1724712e-01 3.5851419e-05 5.8271706e-01
4.8600000e+02 4.1724280e-01 3.3266693e-05 5.8272398e-01
4.8800000e+02 4.1723877e-01 3.0868276e-05 5.8273035e-01
4.9000000e+02 4.1723505e-01 2.8642742e-05 5.8273631e-01
4.9200000e+02 4.1723159e-01 2.6577636e-05 5.8274186e-01
4.9400000e+02 4.1722837e-01 2.4661396e-05 5.8274698e-01
4.9600000e+02 4.1722539e-01 2.2883296e-05 5.8275175e-01
4.9800000e+02 4.1722262e-01 2.1233380e-05 5.8275616e-01
5.0000000e+02 4.1722006e-01 1.9702409e-05 5.8276021e-01
5.0200000e+02 4.1721767e-01 1.8281811e-05 5.8276403e-01
5.0400000e+02 4.1721547e-01 1.6963630e-05 5.8276755e-01
5.0600000e+02 4.1721341e-01 1.5740483e-05 5.8277082e-01
5.0800000e+02 4.1721150e-01 1.4605522e-05 5.8277386e-01
5.1000000e+02 4.1720974e-01 1.3552390e-05 5.8277673e-01
5.1200000e+02 4.1720811e-01 1.2575187e-05 5.8277935e-01
5.1400000e+02 4.1720659e-01 1.1668440e-05 5.8278173e-01
5.1600000e+02 4.1720518e-01 1.0827071e-05 5.8278394e-01
5.1800000e+02 4.1720387e-01 1.0046365e-05 5.8278602e-01
5.2000000e+02 4.1720265e-01 9.3219505e-06 5.8278805e-01
5.2200000e+02 4.1720152e-01 8.6497685e-06 5.8278984e-01
5.2400000e+02 4.1720048e-01 8.0260525e-06 5.8279151e-01
5.2600000e+02 4.1719952e-01 7.4473096e-06 5.8279306e-01
5.2800000e+02 4.1719863e-01 6.9102966e-06 5.8279443e-01
5.3000000e+02 4.1719779e-01 6.4120050e-06 5.8279574e-01
5.3200000e+02 4.1719702e-01 5.9496433e-06 5.8279705e-01
5.3400000e+02 4.1719630e-01 5.5206206e-06 5.8279818e-01
5.3600000e+02 4.1719565e-01 5.1225334e-06 5.8279920e-01
5.3800000e+02 4.1719502e-01 4.7531507e-06 5.8280021e-01
5.4000000e+02 4.1719446e-01 4.4104036e-06 5.8280110e-01
5.4200000e+02 4.1719392e-01 4.0923710e-06 5.8280200e-01
5.4400000e+02 4.1719341e-01 3.7972709e-06 5.8280277e-01
5.4600000e+02 4.1719297e-01 3.5234498e-06 5.8280355e-01
5.4800000e+02 4.1719255e-01 3.2693736e-06 5.8280414e-01
5.5000000e+02 4.1719216e-01 3.0336184e-06 5.8280480e-01
5.5200000e+02 4.1719180e-01 2.8148634e-06 5.8280540e-01
5.5400000e+02 4.1719148e-01 2.6118826e-06 5.8280587e-01
5.5600000e+02 4.1719115e-01 2.4235385e-06 5.8280641e-01
5.5800000e+02 4.1719085e-01 2.2487759e-06 5.8280689e-01
5.6000000e+02 4.1719058e-01 2.0866153e-06 5.8280736e-01
5.6200000e+02 4.1719034e-01 1.9361480e-06 5.8280778e-01
5.6400000e+02 4.1719010e-01 1.7965309e-06 5.8280814e-01
5.6600000e+02 4.1718990e-01 1.6669816e-06 5.8280843e-01
5.6800000e+02 4.1718969e-01 1.5467741e-06 5.8280873e-01
5.7000000e+02 4.1718951e-01 1.4352348e-06 5.8280909e-01
5.7200000e+02 4.1718933e-01 1.3317386e-06 5.8280933e-01
5.7400000e+02 4.1718918e-01 1.2357056e-06 5.8280957e-01
5.7600000e+02 4.1718903e-01 1.1465975e-06 5.8280987e-01
5.7800000e+02 4.1718888e-01 1.0639151e-06 5.8281004e-01
5.8000000e+02 4.1718876e-01 9.8719488e-07 5.8281022e-01
5.8200000e+02 4.1718864e-01 9.1600708e-07 5.8281046e-01
5.8400000e+02 4.1718853e-01 8.4995270e-07 5.8281064e-01
5.8600000e+02 4.1718844e-01 7.8866157e-07 5.8281082e-01
5.8800000e+02 4.1718835e-01 7.3179018e-07 5.8281094e-01
5.9000000e+02 4.1718826e-01 6.7901982e-07 5.8281106e-01
5.9200000e+02 4.1718817e-01 6.3005479e-07 5.8281118e-01
5.9400000e+02 4.1718808e-01 5.8462069e-07 5.8281136e-01
5.9600000e+02 4.1718802e-01 5.4246289e-07 5.8281142e-01
5.9800000e+02 4.1718796e-01 5.0334512e-07 5.8281159e-01
6.0000000e+02 4.1718790e-01 4.6704821e-07 5.8281159e-01
